0
3
3
4
3
4
6
5
3
6
4
5
4
5
5
4
3
6
6
7
4
5
7
6
6
9
7
8
5
6
6
5
3
6
6
7
6
7
9
8
4
7
5
6
5
6
6
5
4
7
7
8
5
6
8
7
5
8
6
7
4
5
5
4
3
4
6
5
6
5
9
6
6
7
7
6
7
6
8
5
4
5
7
6
5
4
8
5
7
8
8
7
6
5
7
4
6
7
9
8
9
8
12
9
7
8
8
7
8
7
9
6
5
6
8
7
6
5
9
6
6
7
7
6
5
4
6
3
3
6
4
5
6
7
7
6
6
9
5
6
7
8
6
5
6
9
7
8
7
8
8
7
9
12
8
9
8
9
7
6
4
7
5
6
7
8
8
7
5
8
4
5
6
7
5
4
5
8
6
7
6
7
7
6
6
9
5
6
5
6
4
3
4
5
5
4
7
6
8
5
7
8
6
5
8
7
7
4
5
6
6
5
6
5
7
4
8
9
7
6
7
6
6
3
5
6
6
5
8
7
9
6
6
7
5
4
7
6
6
3
4
5
5
4
5
4
6
3
5
6
4
3
4
3
3
0
